8601069160
8601069280
8601069241
2312266578
6102062670
2312247222
1655297266
1650329059
7447274389
9725056416
4345500058
4345503563
7840011219
0278093946
0278125475
2221195827
2225133388
2221247994
1326257331
2224207968
2721235098
1650382133
1659157365
5407480952
7204208458
5024062037
5407978353
7712006051
2537142814
7813276840
7810679859
2901297953
3015117159
6686109761
6686100487
7842055902
8601046621
7726513284
2312233660
1101170498
2310221162
2311166771
0233005795
5837079478
5406549954
2801048449
9705087889
5027042960
7604356517
6672241600
3525255501
7810310099
5029247112
7424024784
7116511342
3444259931
2312190590
6685171485
1831196964
6949113560
1901138493
6658534549
6658524043
6658374366
3025033451
3808269294
6685172464
6685184420
2221255096
2537144240
7104082145
7714925131
7725813020
2411027235
7721228357
5406806785
7810730449
2308270148
2308268879
0278914350
2312296540
2901304329
7730014070
6658140142
4501110241
6732154521
3652901878
7453321358
3461067027
0278955885
5405064178
3234047962
7707533616
5612161074
2310216902
5404027776
5402541200
3662240232
1841088936
5259004604
7724895863
7604245976
6027205302
5038129524
7811683992
5040150192
2311241482
5257080286
5405053909
2225161032
5410076789
5410076740
5410081620
2224188899
7810592380
9721079797
5406976145
3327122570
3327129061
2127027670
3664051544
2540229261
3525472577
3525168231
3662275073
7453238244
3662274986
3662276905
3662276856
3662276888
3662276870
3662276895
3662108298
3664097595
6027168241
6167041823
7816523223
5406605937
3328445662
7104526898
6686131767
7107135363
7100002910
0264078271
3662132710
4826106752
7717761040
7718083824
5321072550
1435168723
7447228150
7722291048
2463118902
4629052057
3849067610
6731071470
6452124443
3702243063
2724056185
6730033514
5018161287
7604235865
6324041030
1660188671
5260371550
7727750873
5408028770
2543090547
6501315838
3625009637
0245963224
3811183671
6670468444
2540260141
3662256507
7805786527
2502061378
7806557590
0278965428
2543110000
5260462253
2310183855
2311322580
2308268981
8601070568
5406590085
7838045732
2536313337
5212510845
5404073814
6623106824
1650121364
0816026701
5836623303
8601067981
8601067893
8601067886
6679095099
3525324385
3662191063
2311213407
6316056963
6165129230
1832160865
6732036574
3123040930
3102005483
2543107279
8602206130
6452113931
7811387979
7707362093
6730056078
5405065301
0275902966
2014017939
1644090206
4345513138
1841085318
4345490152
7325165417
7604309806
1650321290
0400001961
2221131100
7116159900
7714303772
2901234375
1901140686
3827057190
3528180533
8601064652
3525108923
0268055959
6685118428
6452143774
1656119442
5836690557
6452142770
2721246131
2508138475
1515915160
3801143461
7203321348
1650304706
5406627698
1218002777
2310011126
7453324060
0278965410
6215018200
3810079597
7701074518
2366016246
1650388865
7704670685
7733828341
1648053572
1841034151
3702700792
7451193118
7451392508
7709008637
2312270920
2312271151
7733150031
7704546582
6658534926
6671098940
7453248429
7810730625
0278902210
7722482853
5404523005
1650287352
7730150393
5260322471
5752020676
6141052235
7734269167
3808135406
2722085536
7810909492
7449106615
5025013890
3128147370
0242011202
7804484636
2536301684
7203395212
7325173633
9731030984
7729020640
2309082059
2309175458
7716945454
7204190698
1215234064
1831181502
3257074514
4029051358
1655119785
1831198489
2312253040
7811119987
5258144528
0275049561
2464154460
2464154445
2464154438
6671163540
5406768875
6671163830
7710708947
6671172440
5405061868
3662124645
7206041081
3662280796
6659155230
5445019862
2312285531
3327103680
2724225108
1435046193
4345490508
7604341912
3127012330
1832139133
1831194100
1831195720
1831194124
6671130369
6685169140
7719577826
3811474279
7718262439
1650396915
3666220170
1655395672
7720650541
6731055101
2310218272
4345077227
3849080890
7839096401
7207021070
5024154009
2460231667
2312303653
7718894438
2460089033
6450096705
2308260848
7207020736
1831191282
0274146241
2312289744
3810044393
9715391937
2310211679
9703011524
7842493293
7806553444
6501307393
6501300750
4720027099
7411021923
3255501249
7452147315
2543149279
2540258664
4824063550
1831198908
6501297106
5835134740
5835134758
5835134765
5835134772
1903029482
3808174099
7712023890
7715865510
5402063793
7810339965
5405031253
4414009735
3250518136
7604131351
2224119454
9701145635
5406984851
5405961643
5406797121
2466275068
2634090777
3849056714
6829160198
7708306609
3015118346
0278949440
7017424586
3525121233
7733028923
7445024168
1841087957
2311263616
3325012653
4028060536
5075029038
9718003519
9729069960
5507264391
5905057323
7810577180
6164123490
6164123517
6164123468
6167143078
7729482490
6165214372
7724591262
7725009042
5406802935
2540247060
7725299038
2464154660
7325173658
7104084872
1001353459
2609023375
0264012190
5406806986
5262211840
5261076204
6730036219
7733325845
5405039654
7327094377
5260317270
5321114802
1650391924
7726478470
5401400051
2543110899
3528313582
2311136390
5836661394
5835073086
3328014730
2464057265
4025084289
6678080815
6215025158
5044115311
2901251740
7705910403
8601038701
6234090321
7325158184
7727542111
5612174080
5406808944
2537138790
2540249282
2721251741
0276056635
7411075301
5904376694
5024194805
5024091623
7813212212
4401180615
1841087940
2308272473
2311318262
3257056071
3666163420
1831194893
2901261280
2536319917
5836689368
3525277368
2722102534
7707829194
7811159965
7841457408
5905024600
5904131013
9718128966
4205392525
1650391900
7203512134
6319732257
2543149455
4703154957
7325169475
2636217683
2511106427
7704359705