6312102986
9731000154
1841083053
7709999890
3702246233
2635235016
1841083007
5835121117
3906202442
1841079681
6166114204
7017144282
3808135124
2315191063
1841068231
9729294115
5261090174
1841089841
7447026763
6670488962
5905293994
6670333800
7708332790
4027082826
5610235115
7706460588
7718013457
2464154283
7709911782
2635248054
6671398662
7707840279
5038112697
7325174348
8904089712
5044079021
6678110379
5024190720
5505212743
5256138906
5754007920
7734443753
7730253631
6950241213
5905294268
5250064831
2540233050
5050115542
1655396732
1655396725
2312274561
1655401260
7453213673
6670484012
0817001308
6679137165
7801344214
2311285360
5904285944
2632104329
4401196238
7811372010
6732080252
2502062413
2721098412
2901206723
7810757627
5835123114
7203395646
3525456624
2315214793
7704597763
7708333810
2543097430
2130203767
2311302618
6314040421
7203455253
3123281540
6670333528
2631029929
9717048725
2543140501
6670159862
6950193270
3444074680
5402056404
7813257855
5836670720
2721181318
9715313632
3906959793
5003126924
7203480852
6317149441
4501213695
4501223005
4703140305
4725009167
5835103598
6161090616
6950229826
2901279464
6950170435
5501267639
5610235203
2460112123
7735092843
6215020181
6215018425
6215020174
7813609810
7725852742
1655401319
7714706482
5029169930
2901304022
3906194537
2926010105
4028051443
2901191298
7727441970
5029165879
5029070497
7703058776
7203363500
7203363490
7203363588
7802495110
5259138051
2634108216
6950239038
7810342397
2319062929
5902197019
5027112060
7810757810
3906315020
2632114542
3015113531
7810799345
9705115857
6670494980
9725020931
7814398739
7703435657
7710358523
5638073619
2312274547
5012075539
5263057694
3910005976
3904044800
4704005651
7725237240
6234192676
3443145402
2543011182
5017098674
7702271396
0278908941
3906126569
2636041567
3525381961
5904378740
5751005940
5029112620
9715337922
9701021541
7453332945
3702250920
3811439884
5836654615
6166114540
3443147470
3443142955
3443140387
3443142377
6234132388
7604356115
5902059467
0269996758
9715310399
7816716352
6316217071
4703182217
7702844150
9723102794
6671244863
7453341805
7810711686
6685180480
5835128881
6685030974
5903096408
5228056786
5047180936
5027208125
1840034060
2901221457
5027252886
5047239160
1655326333
2631039902
2631039910
1657202333
3913008372
7708334324
2901239648
7203385831
7716951803
7717020902
7727758150
6685040700
7801303881
5905058976
4501204316
1001010821
2721229633
3910005863
3910502135
2320162117
4401160922
2536242559
7714456070
7807247810
0326585130
2635235023
2801202330
2635238514
1001348160
1001352039
2635246522
7714345388
7703049690
7327059365
0278963780
6658527527
6316202981
6319110224
7202254113
6314046254
5010055311
5010056080
6829082574
3604082379
1001155425
7604117075
7202231420
6670338117
2460089932
2901287578
3128095971
4501012332
7203272725
9725040631
2464252379
5029060403
5904279891
7814779371
5753069554
0277115611
0277930905
0277120474
2464135604
7810719043
6141057480
1841077645
1655396531
9709067315
7726443936
5027092449
6671103365
4703180467
1655401301
1831157316
7714011554
7813534227
7453296246
2721178650
7806570383
2543156075
2635247438
2635248047
6027199842
3651007530
7801343059
7729566774
5504162151
7716830365
7604066222
2458012844
7734443778
7202198420
7814762410
7814741709
7728464875
7814771774
5609073269
7714468848
5903139186
9709048633
2312239503
3123136631
7722477370
7722024525
7708296157
4501112930
9710091577
2623801690
6679139733
1215104509
3906384305
5902059690
0277138792
0278184167
5905062757
7719515280
1901142651
6671123259
6670333768
7843315582
6671446690
7717515359
3808191778
6678091743
5262059353
5720024685
7838369279
9703042480
7446026714
1515920378
1501035052
5904032855
7452143582
7841094169
9703036744
7203495922
7203503806
6950192037
4205376611
5402570063
5262130302
7453332938
2636213054
3662142764
6444006904
8904070077
7743345216
5403033865
4028068334
7604351893
8602288976
7813213015
6609011063
2460243140
3525285841
7810592358
7701387398
7743272279
6730079597
1324003395
2130181785
3665082785
2635830801
2311200944
2636219000
6950035323
7716079163
2628036073
0269041317
5254031837
6141055081
3017031323
7720740058
4826147170
4401161235
6727020882
6234078540
9701052148
1655323519
6452138020
3702226170
0271009511
2635246057
7106532600
4345276039
7604206871
1660313298
1660313308
3811439059
6166108923
0721005615
7814209357
0278147542
0275918797
0276125864
7445025274
2635247406
2311256672
7708333289
2311176106
9701041192
8602271563
5263024917
4826109464
2721250402
7207021151
2902055788
6829148507
7536186046
9717101104
5904380468
7116154997
7014036553
7727447242
6330068463
3702707646
2305017740
5838041075
5829005176
5829004239
2626028253
6732128803
7709628581
7604307968
1651035012
2543036966
7709867364
6658538409
1650173193
7017476249
9701008325
4345308322
5407181328
0272904034
0274957761
7447285662
7447289709
7456045360
7456043050
7456046646
7743234178
9706015990
7722720988
7729768812
7203480098
1658047987
7725306398
7203138261
5751056729
5407953503
2464124017
7701868359
7203285756
5024173065
1657102240
1660313467
2543150940
4909113369
1840042424
6685081873
9703000603
3528320050
2466176518
7703430017
3702719137
7722762392
3811465130
7722397252
7810730463
7453318588
5402067156
1328013010
2222867937
6671073600
3807003862
9709024897
3827052890
7813232410
7206050791
5260297881
6658207414
6670314878
3665099147
9725019397
6317135375
2632115419
3301033245
2537064250
7536066609
7447216718
3664082831
3661018891
3015118875
7453200219
5405221952
3849012192
7203437889
0245963217
6501303141
7714844884
3811451183
7736679850
2014004440
6141044001
6141044315
2309137163
2309168443
7453280380
6686114472
6311061624
7203378344
7453094401
7810342830
1435023848
0278940416
0278940367
91600206362