2901301832
2901301840
2511090248
3019016289
5407979935
5433964607
6672251729
7718988630
7702215024
4632070874
2223596775
7802841032
2311170619
1326253344
2222799444
4345422498
3810080360
6027154129
7712005280
7702815127
7715168050
7453255507
7536056600
3666146223
3662234359
3662218533
2465296107
1840009120
5404474693
3009015261
2902088367
1655152239
1435352659
4501128584
3528237275
5402054894
2543114491
5638061451
5638077839
4826143994
4826142278
4826145230
8601068086
0278967070
3664128652
3666198140
6670488803
6670433184
6670478570
6670416816
6671136988
2312297819
7723918772
5836626551
5261062579
2311309370
5022032781
9705102400
5834043586
6950177751
7327072221
7202220354
2221248109
5903148977
2311309596
2311299186
2312189274
7725813207
6658328507
2466094784
7813475980
7813617113
7714952914
5401993193
7530008329
4501131354
1655419718
2309169528
2540255670
3328022667
1658148047
5402064941
0277065054
4345489492
6315655724
2308272628
2308272530
4205382911
0278941755
2724086038
2127312036
6454010427
3442081347
6658524445
1650355852
3906223185
9703030573
7810781281
5402041158
5407472599
8601066900
6658524406
5406808983
6829088819
3525419541
8904043595
3317027134
6658543367
6829158110
6829092124
5834117950
6658532735
3665118880
7708545163
7725790366
5260367024
1901102641
7802680723
7733298503
3901008794
5902048842
4401198235
2511101965
7702428657
5503133743
7202208741
7708397268
6161093783
2801091853
2540259322
2311317325
7730014425
6321342656
3811472070
1648029756
3525388710
2130223241
3128148408
0274903741
7708772293
6678109327
7706040110
5407982536
7602153945
7325155225
2537115708
2543150919
4703179461
3328422640
2130200533
5902229253
5902048850
4401174160
2465328817
2465326841
3808117005
5018195448
5018195423
5018198671
5018198181
7714869543
5024177158
7751184690
6234190870
2320201126
2543156237
2312269307
7325173369
6671117914
0276140140
2464123327
9705121762
4703180308
4703179856
7841093743
5406797675
3528010531
5402015408
6143068181
7203267387
9729301490
2540255381
7203523087
5834124203
2536305470
5029167555
1326252904
5030063247
7203094857
2129003280
5751051865
2465333976
0326012555
5406808951
9705130661
0275916687
2223629822
4633019990
2464157140
5257145631
2464150754
2367015397
6168014188
5262228019
3702694570
4826142101
3305801410
1215048572
2309168330
7703802280
9709064586
2224199932
6168034064
7730618956
3811450486
2130116708
6316265318
5405021329
7606123363
7709346940
5260401780
5908081074
1901140277
4401147713
5903043660
7705745968
1326183513
1655442636
1901143119
5029231994
2130136045
7704385078
5904385875
2104000471
7203474908
2465337699
2465343283
0276950176
0276952631
5260465039
5260474957
2465205117
7841026056
3702662843
7810652818
5044119820
6949114066
3905075914
3460078019
5902232270
5905054724
5902054420
2130097685
2128023414
5001119992
5024093645
6320054207
6671127662
7203062823
2543121259
5902059844
6316056850
1215012600
2310185605
3801150275
5262265356
6320036374
7813298435
5904117594
0276950962
5027294766
2540255840
7725790373
7722494802
2130175742
7203502640
3666247013
6027195439
6319250052
3906126992
2537143416
2508121129
7328084653
5610150260
1901137595
1215078778
6501067536
5406655367
2536278788
9731058556
7733284885
5904351788
7810740292
3525328157
2221249102
2723171072
7205032197
2301089398
2452033982
5610128280
6163217025
7203490579
1327010792
0269999526
2130206380
7325146750
2464265667
5260406160
2902080826
2225213410
5448456469
2224201116
2221247970
7709970072
7714709003
7203139064
7731528198
3525437050
0277923270
9718108381
6950197211
0725018380
6722015575
5610240852
7751164171
8901027468
2635046442
2720062195
2634049923
3446030706
2130203012
2128007123
7327058795
7606123123
0265051635
0277901710
0277120516
3812002127
6165190361
7751069714
7736329118
9701144617
1657241621
2352055982
7203517118
6659005499
7725491729
1901096758
7328040254
7701542283
3307021246
7203401339
7203464000
2801150812
0274104330
7104081462
7100000695
3525470026
7604245790
5402486260
2721242190
9715310409
7203340069
2130199207
5261047394
7327033342
7743345103
7203278438
3525210660
7705931805
5030060863
7705014485
1650116318
3459013232
2464152254
2464154685
5005067350
1218001621
2301097670
5402063761
0242013471
6163148597
2635224494
2311152539
2721246188
2721244159
2723208460
5903146909
2723044405
2721226463
7729783539
2129040518
7810919765
6658400908
3443145427
7715906639
0107037050
0276953610
4826128700
7802683121
7704454300
5018150790
5406792941
7751179883
5003129322
7453324084
7453324101
5904373580
2801098288
8601069724
4501168192
9731034883
7203377326
7204200770
7839139334
2537143423
0275914256
0105008695
2302001526
4510031589
7627051430
1660364373
2540254331
7736329100
2301086407
1655132521
2901299566
1656089798
5263092762
7321011575
6501260113
7703769586
5401997134
5904382426
2311298312
5902030683
5262274819
6234190855
4501226493
1655252709
7720339826
5838042939
6027143085
6027170970
6027170988
6950199459
6658393337
1655386526
9705073950
3305055169
1327021530
7706301066
6449033429
1650391191
7708817280
2464043914
2130199567
6319199215
6678004243
0272900424
2540257614
7733342086
0274947121
5752053664
7536185349
7602038340
6685174849
4826147710
2801106556
2630051128
7203128739
5904199526
9729020072
5835133271
5835132976
2543116474
0411003505
3702025940
0326514530
2315151720
6732128747
2721186500
3662119638
5404526310
4703103945
4345328576
4703183644
1835080960
5401997060
6952034082
5902180390
7107086807
4703183620
5406806496
1650266930
1835073466
6312134360
5829004207
7203506412
7203520953