8601069160
8601069280
8601069241
2312266578
6102062670
2312247222
1655297266
1650329059
7447274389
9725056416
4345500058
4345503563
7840011219
0278093946
0278125475
2221195827
2225133388
2221247994
1326257331
2224207968
2721235098
1650382133
1659157365
5407480952
7204208458
5024062037
5407978353
7712006051
2537142814
7813276840
7810679859
2901297953
3015117159
6686109761
6686100487
7842055902
8601046621
7726513284
2312233660
1101170498
2310221162
2311166771
0233005795
5837079478
5406549954
2801048449
9705087889
5027042960
7604356517
6672241600
3525255501
7810310099
5029247112
7424024784
7116511342
3444259931
2312190590
6685171485
1831196964
6949113560
1901138493
6658534549
6658524043
6658374366
3025033451
3808269294
6685172464
6685184420
2221255096
2537144240
7104082145
7714925131
7725813020
2411027235
7721228357
5406806785
7810730449
2308270148
2308268879
0278914350
2312296540
2901304329
7730014070
6658140142
4501110241
6732154521
3652901878
7453321358
3461067027
0278955885
5405064178
3234047962
7707533616
5612161074
2310216902
5404027776
5402541200
3662240232
1841088936
5259004604
7724895863
7604245976
6027205302
5038129524
7811683992
5040150192
2311241482
5257080286
5405053909
2225161032
5410076789
5410076740
5410081620
2224188899
7810592380
9721079797
5406976145
3327122570
3327129061
2127027670
3664051544
2540229261
3525472577
3525168231
3662275073
7453238244
3662274986
3662276905
3662276856
3662276888
3662276870
3662276895
3662108298
3664097595
6027168241
6167041823
7816523223
5406605937
3328445662
7104526898
6686131767
7107135363
7100002910
0264078271
3662132710
4826106752
7717761040
7718083824
5321072550
1435168723
7447228150
7722291048
2463118902
4629052057
3849067610
6731071470
6452124443
3702243063
2724056185
6730033514
5018161287
7604235865
6324041030
1660188671
5260371550
7727750873
5408028770
2543090547
6501315838
3625009637
0245963224
3811183671
6670468444
2540260141
3662256507
7805786527
2502061378
7806557590
0278965428
2543110000
5260462253
2310183855
2311322580
2308268981
8601070568
5406590085
7838045732
2536313337
5212510845
5404073814
6623106824
1650121364
0816026701
5836623303
8601067981
8601067893
8601067886
6679095099
3525324385
3662191063
2311213407
6316056963
6165129230
1832160865
6732036574
3123040930
3102005483
2543107279
8602206130
6452113931
7811387979
7707362093
6730056078
5405065301
0275902966
2014017939
1644090206
4345513138
1841085318
4345490152
7325165417
7604309806
1650321290
0400001961
2221131100
7116159900
7714303772
2901234375
1901140686
3827057190
3528180533
8601064652
3525108923
0268055959
6685118428
6452143774
1656119442
5836690557
6452142770
2721246131
2508138475
1515915160
3801143461
7203321348
1650304706
5406627698
1218002777
2310011126
7453324060
0278965410
6215018200
3810079597
7701074518
2366016246
1650388865
7704670685
7733828341
1648053572
1841034151
3702700792
7451193118
7451392508
7709008637
2312270920
2312271151
7733150031
7704546582
6658534926
6671098940
7453248429
7810730625
0278902210
7722482853
5404523005
1650287352
7730150393
5260322471
5752020676
6141052235
7734269167
3808135406
2722085536
7810909492
7449106615
5025013890
3128147370
0242011202
7804484636
2536301684
7203395212
7325173633
9731030984
7729020640
2309082059
2309175458
7716945454
7204190698
1215234064
1831181502
3257074514
4029051358
1655119785
1831198489
2312253040
7811119987
5258144528
0275049561
2464154460
2464154445
2464154438
6671163540
5406768875
6671163830
7710708947
6671172440
5405061868
3662124645
7206041081
3662280796
6659155230
5445019862
2312285531
3327103680
2724225108
1435046193
4345490508
7604341912
3127012330
1832139133
1831194100
1831195720
1831194124
6671130369
6685169140
7719577826
3811474279
7718262439
1650396915
3666220170
1655395672
7720650541
6731055101
2310218272
4345077227
3849080890
7839096401
7207021070
5024154009
2460231667
2312303653
7718894438
2460089033
6450096705
2308260848
7207020736
1831191282
0274146241
2312289744
3810044393
9715391937
2310211679
9703011524
7842493293
7806553444
6501307393
6501300750
4720027099
7411021923
3255501249
7452147315
2543149279
2540258664
4824063550
1831198908
6501297106
5835134740
5835134758
5835134765
5835134772
1903029482
3808174099
7712023890
7715865510
5402063793
7810339965
5405031253
4414009735
3250518136
7604131351
2224119454
9701145635
5406984851
5405961643
5406797121
2466275068
2634090777
3849056714
6829160198
7708306609
3015118346
0278949440
7017424586
3525121233
7733028923
7445024168
1841087957
2311263616
3325012653
4028060536
5075029038
9718003519
9729069960
5507264391
5905057323
7810577180
6164123490
6164123517
6164123468
6167143078
7729482490
6165214372
7724591262
7725009042
5406802935
2540247060
7725299038
2464154660
7325173658
7104084872
1001353459
2609023375
0264012190
5406806986
5262211840
5261076204
6730036219
7733325845
5405039654
7327094377
5260317270
5321114802
1650391924
7726478470
5401400051
2543110899
3528313582
2311136390
5836661394
5835073086
3328014730
2464057265
4025084289
6678080815
6215025158
5044115311
2901251740
7705910403
8601038701
6234090321
7325158184
7727542111
5612174080
5406808944
2537138790
2540249282
2721251741
0276056635
7411075301
5904376694
5024194805
5024091623
7813212212
4401180615
1841087940
2308272473
2311318262
3257056071
3666163420
1831194893
2901261280
2536319917
5836689368
3525277368
2722102534
7707829194
7811159965
7841457408
5905024600
5904131013
9718128966
4205392525
1650391900
7203512134
6319732257
2543149455
4703154957
7325169475
2636217683
2511106427
7704359705
2901301832
2901301840
2511090248
3019016289
5407979935
5433964607
6672251729
7718988630
7702215024
4632070874
2223596775
7802841032
2311170619
1326253344
2222799444
4345422498
3810080360
6027154129
7712005280
7702815127
7715168050
7453255507
7536056600
3666146223
3662234359
3662218533
2465296107
1840009120
5404474693
3009015261
2902088367
1655152239
1435352659
4501128584
3528237275
5402054894
2543114491
5638061451
5638077839
4826143994
4826142278
4826145230
8601068086
0278967070
3664128652
3666198140
6670488803
6670433184
6670478570
6670416816
6671136988
2312297819
7723918772
5836626551
5261062579
2311309370
5022032781
9705102400
5834043586
6950177751
7327072221
7202220354
2221248109
5903148977
2311309596
2311299186
2312189274
7725813207
6658328507
2466094784
7813475980
7813617113
7714952914
5401993193
7530008329
4501131354
1655419718
2309169528
2540255670
3328022667
1658148047
5402064941
0277065054
4345489492
6315655724
2308272628
2308272530
4205382911
0278941755
2724086038
2127312036
6454010427
3442081347
6658524445
1650355852
3906223185
9703030573
7810781281
5402041158
5407472599
8601066900
6658524406
5406808983
6829088819
3525419541
8904043595
3317027134
6658543367
6829158110
6829092124
5834117950
6658532735
3665118880
7708545163
7725790366
5260367024
1901102641
7802680723
7733298503
3901008794
5902048842
4401198235
2511101965
7702428657
5503133743
7202208741
7708397268
6161093783
2801091853
2540259322
2311317325
7730014425
6321342656
3811472070
1648029756
3525388710
2130223241
3128148408
0274903741
7708772293
6678109327
7706040110
5407982536
7602153945
7325155225
2537115708
2543150919
4703179461
3328422640
2130200533
5902229253
5902048850
4401174160
2465328817
2465326841
3808117005
5018195448
5018195423
5018198671
5018198181
7714869543
5024177158
7751184690
6234190870
2320201126
2543156237
2312269307
7325173369
6671117914
0276140140
2464123327
9705121762
4703180308
4703179856
7841093743
5406797675
3528010531
5402015408
6143068181
7203267387
9729301490
2540255381
7203523087
5834124203
2536305470
5029167555
1326252904
5030063247
7203094857
2129003280
5751051865
2465333976
0326012555
5406808951
9705130661
0275916687
2223629822
4633019990
2464157140
5257145631
2464150754
2367015397
6168014188
5262228019
3702694570
4826142101
3305801410
1215048572
2309168330
7703802280
9709064586
2224199932
6168034064
7730618956
3811450486
2130116708
6316265318
5405021329
7606123363
7709346940
5260401780
5908081074
1901140277
4401147713
5903043660
7705745968
1326183513
1655442636
1901143119
5029231994
2130136045
7704385078
5904385875
2104000471
7203474908
2465337699
2465343283
0276950176
0276952631
5260465039
5260474957
2465205117
7841026056
3702662843
7810652818
5044119820
6949114066
3905075914
3460078019
5902232270
5905054724
5902054420
2130097685
2128023414
5001119992
5024093645
6320054207
6671127662
7203062823
2543121259
5902059844
6316056850
1215012600
2310185605
3801150275
5262265356
6320036374
7813298435
5904117594
0276950962
5027294766
2540255840
7725790373
7722494802
2130175742
7203502640
3666247013
6027195439
6319250052
3906126992
2537143416
2508121129
7328084653
5610150260
1901137595
1215078778
6501067536
5406655367
2536278788
9731058556
7733284885
5904351788
7810740292
3525328157
2221249102
2723171072
7205032197
2301089398
2452033982
5610128280
6163217025
7203490579
1327010792
0269999526
2130206380
7325146750
2464265667
5260406160
2902080826
2225213410
5448456469
2224201116
2221247970
7709970072
7714709003
7203139064
7731528198
3525437050
0277923270
9718108381
6950197211
0725018380
6722015575
5610240852
7751164171
8901027468
2635046442
2720062195
2634049923
3446030706
2130203012
2128007123
7327058795
7606123123
0265051635
0277901710
0277120516
3812002127
6165190361
7751069714
7736329118
9701144617
1657241621
2352055982
7203517118
6659005499
7725491729
1901096758
7328040254
7701542283
3307021246
7203401339
7203464000
2801150812
0274104330
7104081462
7100000695
3525470026
7604245790
5402486260
2721242190
9715310409
7203340069
2130199207
5261047394
7327033342
7743345103
7203278438
3525210660
7705931805
5030060863
7705014485
1650116318
3459013232
2464152254
2464154685
5005067350
1218001621
2301097670
5402063761
0242013471
6163148597
2635224494
2311152539
2721246188
2721244159
2723208460
5903146909
2723044405
2721226463
7729783539
2129040518
7810919765
6658400908
3443145427
7715906639
0107037050
0276953610
4826128700
7802683121
7704454300
5018150790
5406792941
7751179883
5003129322
7453324084
7453324101
5904373580
2801098288
8601069724
4501168192
9731034883
7203377326
7204200770
7839139334
2537143423
0275914256
0105008695
2302001526
4510031589
7627051430
1660364373
2540254331
7736329100
2301086407
1655132521
2901299566
1656089798
5263092762
7321011575
6501260113
7703769586
5401997134
5904382426
2311298312
5902030683
5262274819
6234190855
4501226493
1655252709
7720339826
5838042939
6027143085
6027170970
6027170988
6950199459
6658393337
1655386526
9705073950
3305055169
1327021530
7706301066
6449033429
1650391191
7708817280
2464043914
2130199567
6319199215
6678004243
0272900424
2540257614
7733342086
0274947121
5752053664
7536185349
7602038340
6685174849
4826147710
2801106556
2630051128
7203128739
5904199526
9729020072
5835133271
5835132976
2543116474
0411003505
3702025940
0326514530
2315151720
6732128747
2721186500
3662119638
5404526310
4703103945
4345328576
4703183644
1835080960
5401997060
6952034082
5902180390
7107086807
4703183620
5406806496
1650266930
1835073466
6312134360
5829004207
7203506412
7203520953
6312102986
9731000154
1841083053
7709999890
3702246233
2635235016
1841083007
5835121117
3906202442
1841079681
6166114204
7017144282
3808135124
2315191063
1841068231
9729294115
5261090174
1841089841
7447026763
6670488962
5905293994
6670333800
7708332790
4027082826
5610235115
7706460588
7718013457
2464154283
7709911782
2635248054
6671398662
7707840279
5038112697
7325174348
8904089712
5044079021
6678110379
5024190720
5505212743
5256138906
5754007920
7734443753
7730253631
6950241213
5905294268
5250064831
2540233050
5050115542
1655396732
1655396725
2312274561
1655401260
7453213673
6670484012
0817001308
6679137165
7801344214
2311285360
5904285944
2632104329
4401196238
7811372010
6732080252
2502062413
2721098412
2901206723
7810757627
5835123114
7203395646
3525456624
2315214793
7704597763
7708333810
2543097430
2130203767
2311302618
6314040421
7203455253
3123281540
6670333528
2631029929
9717048725
2543140501
6670159862
6950193270
3444074680
5402056404
7813257855
5836670720
2721181318
9715313632
3906959793
5003126924
7203480852
6317149441
4501213695
4501223005
4703140305
4725009167
5835103598
6161090616
6950229826
2901279464
6950170435
5501267639
5610235203
2460112123
7735092843
6215020181
6215018425
6215020174
7813609810
7725852742
1655401319
7714706482
5029169930
2901304022
3906194537
2926010105
4028051443
2901191298
7727441970
5029165879
5029070497
7703058776
7203363500
7203363490
7203363588
7802495110
5259138051
2634108216
6950239038
7810342397
2319062929
5902197019
5027112060
7810757810
3906315020
2632114542
3015113531
7810799345
9705115857
6670494980
9725020931
7814398739
7703435657
7710358523
5638073619
2312274547
5012075539
5263057694
3910005976
3904044800
4704005651
7725237240
6234192676
3443145402
2543011182
5017098674
7702271396
0278908941
3906126569
2636041567
3525381961
5904378740
5751005940
5029112620
9715337922
9701021541
7453332945
3702250920
3811439884
5836654615
6166114540
3443147470
3443142955
3443140387
3443142377
6234132388
7604356115
5902059467
0269996758
9715310399
7816716352
6316217071
4703182217
7702844150
9723102794
6671244863
7453341805
7810711686
6685180480
5835128881
6685030974
5903096408
5228056786
5047180936
5027208125
1840034060
2901221457
5027252886
5047239160
1655326333
2631039902
2631039910
1657202333
3913008372
7708334324
2901239648
7203385831
7716951803
7717020902
7727758150
6685040700
7801303881
5905058976
4501204316
1001010821
2721229633
3910005863
3910502135
2320162117
4401160922
2536242559
7714456070
7807247810
0326585130
2635235023
2801202330
2635238514
1001348160
1001352039
2635246522
7714345388
7703049690
7327059365
0278963780
6658527527
6316202981
6319110224
7202254113
6314046254
5010055311
5010056080
6829082574
3604082379
1001155425
7604117075
7202231420
6670338117
2460089932
2901287578
3128095971
4501012332
7203272725
9725040631
2464252379
5029060403
5904279891
7814779371
5753069554
0277115611
0277930905
0277120474
2464135604
7810719043
6141057480
1841077645
1655396531
9709067315
7726443936
5027092449
6671103365
4703180467
1655401301
1831157316
7714011554
7813534227
7453296246
2721178650
7806570383
2543156075
2635247438
2635248047
6027199842
3651007530
7801343059
7729566774
5504162151
7716830365
7604066222
2458012844
7734443778
7202198420
7814762410
7814741709
7728464875
7814771774
5609073269
7714468848
5903139186
9709048633
2312239503
3123136631
7722477370
7722024525
7708296157
4501112930
9710091577
2623801690
6679139733
1215104509
3906384305
5902059690
0277138792
0278184167
5905062757
7719515280
1901142651
6671123259
6670333768
7843315582
6671446690
7717515359
3808191778
6678091743
5262059353
5720024685
7838369279
9703042480
7446026714
1515920378
1501035052
5904032855
7452143582
7841094169
9703036744
7203495922
7203503806
6950192037
4205376611
5402570063
5262130302
7453332938
2636213054
3662142764
6444006904
8904070077
7743345216
5403033865
4028068334
7604351893
8602288976
7813213015
6609011063
2460243140
3525285841
7810592358
7701387398
7743272279
6730079597
1324003395
2130181785
3665082785
2635830801
2311200944
2636219000
6950035323
7716079163
2628036073
0269041317
5254031837
6141055081
3017031323
7720740058
4826147170
4401161235
6727020882
6234078540
9701052148
1655323519
6452138020
3702226170
0271009511
2635246057
7106532600
4345276039
7604206871
1660313298
1660313308
3811439059
6166108923
0721005615
7814209357
0278147542
0275918797
0276125864
7445025274
2635247406
2311256672
7708333289
2311176106
9701041192
8602271563
5263024917
4826109464
2721250402
7207021151
2902055788
6829148507
7536186046
9717101104
5904380468
7116154997
7014036553
7727447242
6330068463
3702707646
2305017740
5838041075
5829005176
5829004239
2626028253
6732128803
7709628581
7604307968
1651035012
2543036966
7709867364
6658538409
1650173193
7017476249
9701008325
4345308322
5407181328
0272904034
0274957761
7447285662
7447289709
7456045360
7456043050
7456046646
7743234178
9706015990
7722720988
7729768812
7203480098
1658047987
7725306398
7203138261
5751056729
5407953503
2464124017
7701868359
7203285756
5024173065
1657102240
1660313467
2543150940
4909113369
1840042424
6685081873
9703000603
3528320050
2466176518
7703430017
3702719137
7722762392
3811465130
7722397252
7810730463
7453318588
5402067156
1328013010
2222867937
6671073600
3807003862
9709024897
3827052890
7813232410
7206050791
5260297881
6658207414
6670314878
3665099147
9725019397
6317135375
2632115419
3301033245
2537064250
7536066609
7447216718
3664082831
3661018891
3015118875
7453200219
5405221952
3849012192
7203437889
0245963217
6501303141
7714844884
3811451183
7736679850
2014004440
6141044001
6141044315
2309137163
2309168443
7453280380
6686114472
6311061624
7203378344
7453094401
7810342830
1435023848
0278940416
0278940367
91600206362